1, 0.000091, 1240
1, 0.000033, 1240
2, 0.000046, 10416
2, 0.000072, 10416
3, 0.000109, 35720
3, 0.000076, 35720
4, 0.000091, 85344
4, 0.000119, 85344
5, 0.000080, 167480
5, 0.000141, 167480
6, 0.000076, 290320
6, 0.000127, 290320
7, 0.000139, 462056
7, 0.000126, 462056
8, 0.000143, 690880
8, 0.000109, 690880
9, 0.000205, 984984
9, 0.000131, 984984
10, 0.000075, 1352560
10, 0.000110, 1352560
11, 0.000217, 1801800
11, 0.000135, 1801800
12, 0.000144, 2340896
12, 0.000109, 2340896
13, 0.000144, 2978040
13, 0.000142, 2978040
14, 0.000104, 3721424
14, 0.000148, 3721424
15, 0.000205, 4579240
15, 0.000127, 4579240
16, 0.000127, 5559680
16, 0.000240, 5559680
17, 0.000135, 6670936
17, 0.000067, 6670936
18, 0.000105, 7921200
18, 0.000079, 7921200
19, 0.000082, 9318664
19, 0.000102, 9318664
20, 0.000245, 10871520
20, 0.000713, 10871520
21, 0.000116, 12587960
21, 0.000091, 12587960
22, 0.000175, 14476176
22, 0.000102, 14476176
23, 0.000090, 16544360
23, 0.000109, 16544360
24, 0.000090, 18800704
24, 0.000194, 18800704
25, 0.000079, 21253400
25, 0.000299, 21253400
26, 0.000110, 23910640
26, 0.000089, 23910640
27, 0.000254, 26780616
27, 0.000089, 26780616
28, 0.000117, 29871520
28, 0.000082, 29871520
29, 0.000229, 33191544
29, 0.000214, 33191544
30, 0.000182, 36748880
30, 0.000272, 36748880
31, 0.000265, 40551720
31, 0.000245, 40551720
32, 0.000131, 44608256
32, 0.000093, 44608256
33, 0.000095, 48926680
33, 0.000109, 48926680
34, 0.000089, 53515184
34, 0.000107, 53515184
35, 0.000309, 58381960
35, 0.000202, 58381960
36, 0.000293, 63535200
36, 0.000117, 63535200
37, 0.000518, 68983096
37, 0.000158, 68983096
38, 0.000115, 74733840
38, 0.000095, 74733840
39, 0.000296, 80795624
39, 0.000485, 80795624
40, 0.000114, 87176640
40, 0.000137, 87176640
41, 0.000101, 93885080
41, 0.000330, 93885080
42, 0.000092, 100929136
42, 0.000288, 100929136
43, 0.000336, 108317000
43, 0.000592, 108317000
44, 0.000399, 116056864
44, 0.000118, 116056864
45, 0.000156, 124156920
45, 0.000385, 124156920
46, 0.000294, 132625360
46, 0.000148, 132625360
47, 0.000139, 141470376
47, 0.000145, 141470376
48, 0.000125, 150700160
48, 0.000596, 150700160
49, 0.000461, 160322904
49, 0.000610, 160322904
50, 0.000417, 170346800
50, 0.000640, 170346800
51, 0.000178, 180780040
51, 0.000325, 180780040
52, 0.000575, 191630816
52, 0.000490, 191630816
53, 0.000132, 202907320
53, 0.000622, 202907320
54, 0.000587, 214617744
54, 0.000346, 214617744
55, 0.000332, 226770280
55, 0.000536, 226770280
56, 0.000143, 239373120
56, 0.000455, 239373120
57, 0.000138, 252434456
57, 0.000181, 252434456
58, 0.000526, 265962480
58, 0.000143, 265962480
59, 0.000404, 279965384
59, 0.000593, 279965384
60, 0.000383, 294451360
60, 0.000343, 294451360
61, 0.001618, 309428600
61, 0.000472, 309428600
62, 0.000200, 324905296
62, 0.000166, 324905296
63, 0.000435, 340889640
63, 0.000118, 340889640
64, 0.000157, 357389824
64, 0.000150, 357389824
